1664835737311 22.69138526916504 0
1664835737335 22.03084945678711 1
1664835737359 21.288349151611328 2
1664835737382 20.38857078552246 3
1664835737409 19.217403411865234 4
1664835737435 17.672706604003906 5
1664835737461 15.8563814163208 6
1664835737488 14.000038146972656 7
1664835737514 12.236584663391113 8
1664835737538 10.1797513961792 9
1664835737562 7.58548641204834 10
1664835737585 5.916285514831543 11
1664835737608 5.374000072479248 12
1664835737630 4.805307865142822 13
1664835737652 4.174773216247559 14
1664835737675 3.840272903442383 15
1664835737698 3.5651118755340576 16
1664835737721 3.3603570461273193 17
1664835737744 3.1621241569519043 18
1664835737766 3.013007164001465 19
1664835737789 2.8842175006866455 20
1664835737812 2.7750954627990723 21
1664835737834 2.682100296020508 22
1664835737858 2.573622941970825 23
1664835737882 2.4769651889801025 24
1664835737905 2.396692991256714 25
1664835737927 2.3275742530822754 26
1664835737950 2.2596068382263184 27
1664835737973 2.2093851566314697 28
1664835737995 2.1710286140441895 29
1664835738018 2.137258529663086 30
1664835738041 2.0947229862213135 31
1664835738064 2.062005043029785 32
1664835738089 2.0500078201293945 33
1664835738111 2.021354913711548 34
1664835738133 2.0169615745544434 35
1664835738156 1.9892171621322632 36
1664835738179 1.9709492921829224 37
1664835738200 1.964200735092163 38
1664835738224 1.941365361213684 39
1664835738250 1.928283929824829 40
1664835738276 1.9148123264312744 41
1664835738298 1.9069018363952637 42
1664835738321 1.9039911031723022 43
1664835738344 1.8852269649505615 44
1664835738368 1.879731297492981 45
1664835738391 1.8761482238769531 46
1664835738414 1.8699322938919067 47
1664835738438 1.8540995121002197 48
1664835738461 1.8783092498779297 49
1664835738484 1.860878825187683 50
1664835738509 1.8594046831130981 51
1664835738532 1.830549955368042 52
1664835738554 1.8211878538131714 53
1664835738577 1.825810432434082 54
1664835738600 1.8157669305801392 55
1664835738626 1.8108519315719604 56
1664835738651 1.7974350452423096 57
1664835738677 1.7878700494766235 58
1664835738714 1.7886829376220703 59
1664835738739 1.7742422819137573 60
1664835738763 1.7677638530731201 61
1664835738786 1.766775369644165 62
1664835738811 1.7575303316116333 63
1664835738835 1.7638514041900635 64
1664835738857 1.7700258493423462 65
1664835738880 1.7667421102523804 66
1664835738902 1.7419565916061401 67
1664835738928 1.774124026298523 68
1664835738950 1.7635525465011597 69
1664835738981 1.7467581033706665 70
1664835739005 1.7389278411865234 71
1664835739027 1.7320690155029297 72
1664835739050 1.7227652072906494 73
1664835739073 1.7239019870758057 74
1664835739096 1.7190169095993042 75
1664835739119 1.7397278547286987 76
1664835739142 1.710361361503601 77
1664835739164 1.7318204641342163 78
1664835739187 1.7354289293289185 79
1664835739210 1.718504548072815 80
1664835739232 1.7264827489852905 81
1664835739255 1.6944468021392822 82
1664835739278 1.7000327110290527 83
1664835739300 1.6995843648910522 84
1664835739322 1.6940836906433105 85
1664835739345 1.6888657808303833 86
1664835739369 1.679391622543335 87
1664835739393 1.6812323331832886 88
1664835739421 1.687123417854309 89
1664835739453 1.6874314546585083 90
1664835739484 1.680384874343872 91
1664835739517 1.7002607583999634 92
1664835739548 1.6794031858444214 93
1664835739576 1.6804661750793457 94
1664835739603 1.670302391052246 95
1664835739631 1.6645910739898682 96
1664835739657 1.656168818473816 97
1664835739686 1.6632814407348633 98
1664835739719 1.6531485319137573 99
