1664835731994 22.9364070892334 0
1664835732016 22.098838806152344 1
1664835732037 21.243452072143555 2
1664835732060 20.43663215637207 3
1664835732081 19.613510131835938 4
1664835732103 18.784990310668945 5
1664835732124 17.97653579711914 6
1664835732150 17.19005584716797 7
1664835732174 16.338930130004883 8
1664835732199 15.51402759552002 9
1664835732225 14.732544898986816 10
1664835732250 13.910575866699219 11
1664835732278 13.093607902526855 12
1664835732306 12.295167922973633 13
1664835732332 11.484905242919922 14
1664835732359 10.683740615844727 15
1664835732386 9.905495643615723 16
1664835732415 9.127983093261719 17
1664835732442 8.367451667785645 18
1664835732469 7.682835578918457 19
1664835732492 7.0218305587768555 20
1664835732516 6.407734394073486 21
1664835732541 5.844272613525391 22
1664835732565 5.312577724456787 23
1664835732590 4.838589191436768 24
1664835732615 4.418261528015137 25
1664835732639 3.9539406299591064 26
1664835732664 3.5482845306396484 27
1664835732687 3.1436078548431396 28
1664835732710 2.9035816192626953 29
1664835732732 2.746584892272949 30
1664835732753 2.6746561527252197 31
1664835732774 2.5851871967315674 32
1664835732794 2.5387983322143555 33
1664835732816 2.5235702991485596 34
1664835732837 2.5041470527648926 35
1664835732858 2.5065596103668213 36
1664835732878 2.504145860671997 37
1664835732899 2.4881751537323 38
1664835732920 2.4954004287719727 39
1664835732942 2.4837567806243896 40
1664835732967 2.47879695892334 41
1664835732993 2.5417373180389404 42
1664835733017 2.585465669631958 43
1664835733042 2.4951064586639404 44
1664835733067 2.5025475025177 45
1664835733091 2.497363328933716 46
1664835733117 2.5127151012420654 47
1664835733143 2.500544548034668 48
1664835733168 2.4639883041381836 49
1664835733194 2.540902853012085 50
1664835733218 2.4960978031158447 51
1664835733242 2.4882419109344482 52
1664835733266 2.4983794689178467 53
1664835733291 2.5086686611175537 54
1664835733315 2.4936912059783936 55
1664835733338 2.4856696128845215 56
1664835733362 2.496427536010742 57
1664835733386 2.4957432746887207 58
1664835733409 2.511058807373047 59
1664835733435 2.4839138984680176 60
1664835733459 2.4713094234466553 61
1664835733483 2.4847140312194824 62
1664835733507 2.473129987716675 63
1664835733530 2.47776460647583 64
1664835733554 2.482029438018799 65
1664835733576 2.46793532371521 66
1664835733597 2.4635112285614014 67
1664835733617 2.476053476333618 68
1664835733638 2.475980281829834 69
1664835733659 2.4777820110321045 70
1664835733680 2.472249746322632 71
1664835733700 2.470477819442749 72
1664835733721 2.4681894779205322 73
1664835733742 2.473924160003662 74
1664835733763 2.4845263957977295 75
1664835733783 2.4821298122406006 76
1664835733804 2.482187032699585 77
1664835733825 2.4790616035461426 78
1664835733846 2.4828431606292725 79
1664835733867 2.469352960586548 80
1664835733888 2.4774224758148193 81
1664835733909 2.46774959564209 82
1664835733930 2.4821279048919678 83
1664835733950 2.491597890853882 84
1664835733972 2.4799346923828125 85
1664835733994 2.4712910652160645 86
1664835734014 2.484376907348633 87
1664835734035 2.499053716659546 88
1664835734056 2.475605010986328 89
1664835734077 2.511458158493042 90
1664835734097 2.5069386959075928 91
1664835734119 2.470177173614502 92
1664835734139 2.473501682281494 93
1664835734160 2.479356288909912 94
1664835734181 2.502272367477417 95
1664835734202 2.4747700691223145 96
1664835734222 2.4801948070526123 97
1664835734243 2.468031406402588 98
1664835734270 2.49582576751709 99
